470.7771
470.8004
470.7715
470.7505
470.7445
470.7616
470.7956
470.7981
470.7533
470.7532
470.7647
470.7408
470.7386
470.7428
470.7566
470.7526
470.738
470.8076
470.7832
470.8038
470.769
470.7603
470.8093
470.7451
470.8002
470.7636
470.7493
470.7778
470.7772
470.7836
470.7932
470.7994
470.1551
470.7947
470.7419
470.7379
470.7871
470.7413
470.7766
470.787
470.8087
470.7997
470.8081
470.4702
470.755
470.7529
470.7464
470.7512
470.7536
470.7969
470.2846
470.7784
470.8037
470.7546
470.7384
470.7925
470.155
470.7463
470.8046
470.8039
470.7644
470.7686
470.806
470.7541
470.7563
470.7727
470.7788
470.7527
470.7629
470.8064
470.7781
470.741
470.7658
470.7834
470.782
470.7545
470.7593
470.7683
470.7404
470.7354
470.7865
470.7726
470.7679
470.7573
470.7741
470.7964
470.7861
470.7745
470.7748
470.7768
470.7943
470.7372
470.7486
470.7582
470.7798
470.7811
470.7498
470.7478
470.7918
470.8019
470.7427
470.7883
470.7514
470.7637
470.7805
470.7446
470.7801
470.773
470.7494
470.7808
470.7416
470.7507
470.8027
470.1561
470.7499
470.7761
470.7377
470.7912
470.7522
470.7576
470.7395
470.8078
470.7534
470.7782
470.8097
470.7586
470.7847
470.7831
470.8105
470.8047
470.8003
470.785
470.7477
470.7491
470.1548
470.7841
470.7613
470.7572
470.4881
470.8022
470.747
470.7731
470.7515
470.7908
470.4901
470.7548
470.1359
470.7411
470.774
470.7941
470.8045
470.7423
470.7779
470.7684
470.7577
470.8082
470.7933
470.1564
470.7589
470.1565
470.7394
470.7503
470.7551
470.7502
470.7694
470.7517
470.7714
470.8025
470.7869
470.7982
470.7659
470.7848
470.7405
470.7552
470.1558
470.7409
470.7709
470.7521
470.7434
470.7656
470.7444
470.4786
470.7587
470.7487
470.8071
470.7449
470.7979
470.7746
470.7375
470.764
470.7611
470.7804
470.4748
470.7962
470.7631
470.7591
470.7936
470.77
470.8006
470.7467
470.7642
470.7762
470.7431
470.8062
470.7443
470.7667
470.7508
470.7663
470.7681
470.74
470.7402
470.8104
470.8009
470.753
470.2847
470.7435
470.7547
470.4701
470.8008
470.7948
470.7571
470.7672
470.2845
470.8068
470.7818
470.7538
470.7459
470.7568
470.809
470.7401
470.7699
470.7348
470.7543
470.7931
470.8103
470.8061
470.7975
470.7828
470.7833
470.7666
470.7823
470.7635
470.7479
470.7816
470.7353
470.1562
470.7469
470.7895
470.7461
470.7447
470.7829
470.7495
470.7581
470.2843
470.7374
470.8056
470.7813
470.7747
470.8029
470.7509
470.7935
470.7822
470.7826
470.1556
470.7767
470.7542
470.757
470.7596
470.7531
470.758
470.791
470.7873
470.7624
470.7751
470.8063
470.7482
470.7891
470.7786
470.7856
470.7756
470.7492
470.7421
470.7481
470.7393
470.7944
470.8065
470.7797
470.1559
470.7749
470.7618
470.7705
470.7362
470.7688
470.7448
470.7697
470.7907
470.8075
470.7863
470.4704
470.7692
470.7615
470.7465
470.7506
470.7474
470.7438
470.7623
470.8085
470.7946
470.4785
470.7954
470.7687
470.7648
470.8099
470.1553
470.7417
470.7578
470.7882
470.7763
470.768
470.7685
470.786
470.7929
470.79
470.766
470.7476
470.7864
470.7879
470.1549
470.7653
470.7513
470.7698
470.7606
470.7483
470.75
470.8107
470.7439
470.7403
470.7373
470.7516
470.8067
470.7639
470.7501
470.7456
470.8024
470.8001
470.7919
470.7974
470.7641
470.7799
470.7651
470.7355
470.8066
470.743
470.7442
470.749
470.7673
470.7854
470.7654
470.781
470.7519
470.745
470.7567
470.7425
470.8102
470.7972
470.8074
470.7957
470.7437
470.7794
470.7475
470.7785
470.789
470.7565
470.7634
470.1563
470.788
470.7885
470.7387
470.7484
470.7802
470.748
470.7728
470.7558
470.7984
470.7392
470.7928
470.8069
470.7371
470.7468
470.7544
470.7604
470.7523
470.7553
470.7837
470.7462
470.7887
470.1552
470.8106
470.7598
470.7575
470.7488
470.7959
470.754
470.802
470.8079
470.7807
470.7454
470.7396
470.7803
470.7528
470.7995
470.7843
470.794
470.7356
470.2844
470.7436
470.7732
470.7397
470.7472
470.8095
470.7819
470.7632
470.78
470.7976
470.736
470.8101
470.81
470.752
470.7646
470.7917
470.7391
470.8096
470.7713
470.8
470.7901
470.7875
470.1555
470.7845
470.7892
470.804
470.8034
470.7432
470.7711
470.7852
470.7693
470.763
470.7704
470.7806
470.7739
470.7809
470.7783
470.7937
470.7489
470.7849
470.7911
470.7735
470.8049
470.7608
470.7601
470.7388
470.7874
470.7966
470.8084
470.7824
470.8017
470.8044
470.7389
470.7796
470.7744
470.739
470.792
470.7965
470.7665
470.7951
470.8041
470.7584
470.7385
470.7583
470.7725
470.7453
470.7774
470.751
470.798
470.776
470.796
470.7352
470.7752
470.7906
470.7349
470.762
470.742
470.7363
470.7511
470.8031
470.7893
470.7588
470.7978
470.8091
470.795
470.759
470.7452
470.7473
470.7696
470.7556
470.8083
470.7457
470.7792
470.7652
470.808
470.8012
470.156
470.7626
470.7695
470.7383
470.7689
470.7738
470.7426
470.807
470.7655
470.7884
470.7769
470.7381
470.7585
470.7592
470.7628
470.7736
470.7991
470.7922
470.8055
470.7814
470.7886
470.7701
470.8014
470.7776
470.7441
470.7793
470.799
470.7518
470.8088
470.7554
470.7645
470.7691
470.7987
470.7555
470.7866
470.7855
470.7574
470.7614
470.756
470.8043
470.7609
470.8042
470.8092
470.7968
470.7817
470.8094
470.7378
470.7485
470.7675
470.7988
470.7678
470.7722
470.7914
470.1557
470.8086
470.7754
470.7664
470.8007
470.7339
470.7617
470.7415
470.7497
470.7862
470.7376
470.7429
470.7382
470.7755
470.7341
470.7418
